6 0.7383488681757656 0.6165113182423435 0.19840213049267638 0.21038615179760314
6 0.6125166444740346 0.53728362183755 0.1304926764314247 0.13182423435419444
6 0.36950732356857524 0.2636484687083888 0.17976031957390146 0.22902796271637813
6 0.3235685752330227 0.09320905459387482 0.3009320905459388 0.16245006657789612
6 0.281624500665779 0.49400798934753665 0.18508655126498003 0.19174434087882822
6 0.10719041278295605 0.4733688415446072 0.19041278295605857 0.19840213049267647
6 0.09920106524633822 0.7436750998668442 0.19840213049267644 0.17976031957390148
6 0.2123834886817577 0.34553928095872166 0.20372836218375504 0.16111850865512647
6 0.15845539280958723 0.2043941411451398 0.23169107856191748 0.2330226364846871
6 0.05725699067909454 0.26764314247669774 0.10918774966711052 0.2237017310252996
6 0.5745672436750998 0.0792276964047936 0.16111850865512645 0.1584553928095872
6 0.7330226364846871 0.08388814913448735 0.18508655126498014 0.1677762982689747
6 0.6298268974700398 0.2822902796271638 0.1944074567243674 0.21571238348868177
3 0.7882822902796272 0.4314247669773635 0.16511318242343534 0.15978695073235685
3 0.6930758988015978 0.7882822902796272 0.17177097203728364 0.11717709720372838
6 0.6511318242343542 0.8735019973368842 0.1331557922769641 0.10119840213049258
6 0.8388814913448734 0.929427430093209 0.17043941411451385 0.14114513981358187
6 0.9134487350199734 0.822237017310253 0.17310252996005332 0.19840213049267647
6 0.8868175765645805 0.5352862849533955 0.13581890812250336 0.11185086551264974
6 0.844207723035952 0.25432756324900135 0.1464713715046605 0.1278295605858855
6 0.8575233022636485 0.09254327563249003 0.13848202396804254 0.16910785619174437
6 0.970039946737683 0.34687083888149134 0.05992010652463392 0.08122503328894805
6 0.9680426098535286 0.26764314247669774 0.06391478029294277 0.151797603195739
6 0.9487350199733687 0.12250332889480692 0.10252996005326194 0.13049267643142476
6 0.1118508655126498 0.9400798934753662 0.2237017310252996 0.11984021304926756
