3 0.8268974700399468 0.7656458055925432 0.3462050599201065 0.4314247669773635
3 0.9394141145139814 0.49733688415446076 0.12117177097203723 0.1398135818908122
3 0.0492676431424767 0.8681757656458057 0.0985352862849534 0.21571238348868177
6 0.18242343541944073 0.7103861517976031 0.3462050599201065 0.16644474034620502
6 0.2836218375499334 0.9014647137150466 0.41011984021304926 0.1970705725699068
6 0.5832223701731025 0.8621837549933423 0.22370173102529953 0.2756324900133156
6 0.6897470039946738 0.6544607190412782 0.1784287616511319 0.18774966711051932
6 0.7243675099866844 0.3255659121171771 0.34087882822902804 0.2836218375499335
6 0.5093209054593875 0.496005326231691 0.27296937416777634 0.22769640479360853
6 0.4660452729693742 0.670439414114514 0.25832223701731016 0.1717709720372836
6 0.2663115845539281 0.45539280958721706 0.3675099866844208 0.35952063914780297
6 0.31291611185086554 0.07922769640479362 0.12250332889480692 0.12383488681757658
