6 0.6971153846153847 0.391025641025641 0.2115384615384616 0.21153846153846156
6 0.6915064102564102 0.6354166666666667 0.19711538461538453 0.1746794871794871
6 0.797275641025641 0.8108974358974359 0.1875 0.18269230769230774
6 0.8157051282051282 0.9334935897435898 0.15384615384615372 0.10096153846153853
6 0.6482371794871795 0.8381410256410257 0.12660256410256415 0.17948717948717957
6 0.5528846153846153 0.6955128205128206 0.23076923076923067 0.15384615384615385
6 0.3709935897435897 0.4142628205128205 0.34775641025641024 0.3798076923076923
6 0.07852564102564102 0.8004807692307694 0.15705128205128205 0.2419871794871794
6 0.10897435897435898 0.07772435897435895 0.21794871794871795 0.1554487179487179
6 0.7011217948717947 0.05769230769230769 0.24839743589743585 0.11538461538461538
6 0.938301282051282 0.2291666666666667 0.12339743589743592 0.21794871794871798
6 0.9503205128205129 0.41666666666666674 0.09935897435897431 0.125
6 0.907051282051282 0.5104166666666666 0.1858974358974359 0.17788461538461534
6 0.9078525641025641 0.65625 0.18429487179487183 0.1009615384615386
6 0.905448717948718 0.7203525641025641 0.14423076923076905 0.11698717948717956
3 0.9479166666666667 0.842948717948718 0.10416666666666657 0.09615384615384613
6 0.5 0.828525641025641 0.1538461538461538 0.11858974358974336
6 0.3782051282051282 0.6346153846153846 0.16666666666666663 0.1153846153846154
6 0.4831730769230769 0.08333333333333334 0.20032051282051286 0.15705128205128208
6 0.9375 0.04407051282051283 0.125 0.08814102564102566
