6 0.33089214380825566 0.4194407456724367 0.32623169107856187 0.18641810918774965
3 0.12516644474034622 0.6338215712383488 0.1384820239680426 0.1358189081225033
3 0.20372836218375498 0.7303595206391478 0.1544607190412783 0.10252996005326225
6 0.2789613848202397 0.829560585885486 0.22503328894806926 0.17842876165113183
6 0.4873501997336884 0.8202396804260985 0.18375499334221046 0.1757656458055925
3 0.34553928095872166 0.6544607190412782 0.15312916111850863 0.1451398135818907
3 0.23035952063914777 0.5712383488681758 0.08255659121171771 0.08255659121171774
3 0.19973368841544606 0.09920106524633822 0.1677762982689747 0.1478029294274301
3 0.3215712383488682 0.1611185086551265 0.11318242343541943 0.13315579227696406
6 0.49134487350199735 0.25432756324900135 0.11984021304926756 0.10386151797603198
6 0.5419440745672436 0.43142476697736354 0.151797603195739 0.18641810918774973
6 0.6597869507323568 0.5579227696404793 0.1264980026631158 0.11984021304926763
3 0.5093209054593875 0.5992010652463382 0.14513981358189085 0.1384820239680426
6 0.8794940079893476 0.18841544607190414 0.2276964047936086 0.19573901464713714
6 0.8082556591211717 0.0659121171770972 0.24766977363515308 0.1318242343541944
6 0.05659121171770973 0.7583222370173103 0.11051930758988016 0.13715046604527287
6 0.10652463382157124 0.9001331557922769 0.21304926764314247 0.1757656458055925
6 0.045272969374167776 0.5193075898801598 0.09054593874833555 0.10119840213049265
6 0.37549933422103865 0.9147802929427429 0.43941411451398127 0.17043941411451385
6 0.792276964047936 0.9154460719041279 0.09853528628495355 0.13182423435419438
6 0.9194407456724367 0.9047936085219707 0.1611185086551265 0.19041278295605862
6 0.9134487350199734 0.7649800266311584 0.17310252996005332 0.16644474034620502
6 0.9234354194407457 0.6165113182423435 0.15312916111850852 0.18109187749667113
6 0.673768308921438 0.7223701731025299 0.16511318242343542 0.15845539280958718
6 0.7416777629826897 0.6284953395472703 0.15712383488681753 0.21038615179760328
