0 0.788948069241012 0.41611185086551267 0.4221038615179761 0.8135818908122503
6 0.3735019973368841 0.7270306258322237 0.19307589880159784 0.17310252996005332
6 0.4300932090545939 0.514647137150466 0.1704394141145139 0.1211717709720373
6 0.49866844207723043 0.6511318242343542 0.17976031957390148 0.14380825565912111
6 0.41211717709720375 0.3382157123834887 0.15845539280958718 0.13581890812250333
6 0.42743009320905456 0.1844207723035952 0.16511318242343542 0.17709720372836216
6 0.11584553928095871 0.07123834886817576 0.23169107856191742 0.14247669773635152
6 0.3521970705725699 0.0492676431424767 0.17443408788282294 0.0985352862849534
6 0.21304926764314247 0.2596537949400799 0.1731025299600533 0.22103861517976028
6 0.5013315579227696 0.44141145139813576 0.13448735019973362 0.19573901464713706
