4 0.17387820512820512 0.13942307692307693 0.15544871794871792 0.22756410256410256
6 0.42948717948717957 0.11057692307692309 0.17307692307692313 0.13461538461538464
6 0.296474358974359 0.21955128205128205 0.23717948717948714 0.1378205128205128
6 0.891826923076923 0.3886217948717949 0.21634615384615385 0.31249999999999994
6 0.6891025641025641 0.09535256410256408 0.17628205128205132 0.19070512820512817
6 0.9350961538461539 0.10977564102564102 0.12980769230769226 0.17147435897435898
6 0.5280448717948719 0.33333333333333326 0.3381410256410257 0.31730769230769235
6 0.2676282051282051 0.37580128205128205 0.201923076923077 0.1810897435897436
6 0.08173076923076923 0.3846153846153846 0.16346153846153846 0.20192307692307693
6 0.1658653846153846 0.7371794871794871 0.3317307692307692 0.38141025641025655
6 0.672275641025641 0.923076923076923 0.2740384615384616 0.15384615384615385
6 0.953525641025641 0.7604166666666667 0.09294871794871795 0.22275641025641021
6 0.9118589743589743 0.9399038461538461 0.17628205128205138 0.12019230769230774
6 0.5432692307692307 0.6802884615384616 0.3557692307692308 0.3092948717948718
