6 0.9127829560585886 0.485352862849534 0.17443408788282283 0.2197070572569907
6 0.8548601864181091 0.28162450066577893 0.16511318242343548 0.16378162450066575
6 0.9454061251664447 0.16577896138482026 0.10918774966711055 0.1930758988015979
6 0.6537949400798935 0.24300932090545938 0.3754993342210387 0.4007989347536618
6 0.20639147802929428 0.9247669773635152 0.1438082556591212 0.11850865512649804
6 0.13448735019973368 0.8282290279627165 0.26897470039946736 0.22636484687083894
6 0.11850865512649801 0.6384820239680425 0.23701731025299602 0.21704394141145136
6 0.4840213049267643 0.8475366178428761 0.19840213049267638 0.14513981358189085
6 0.3575233022636485 0.792276964047936 0.21704394141145136 0.19973368841544611
6 0.35885486018641816 0.6478029294274301 0.1531291611185087 0.13182423435419438
6 0.5026631158455394 0.6218375499334221 0.37416777629826903 0.3462050599201065
6 0.27230359520639147 0.45006657789613846 0.2756324900133156 0.2956058588548602
6 0.4394141145139814 0.38348868175765644 0.1118508655126498 0.18641810918774965
6 0.30026631158455397 0.2529960053262317 0.21171770972037282 0.21571238348868174
6 0.05992010652463381 0.40812250332889477 0.11984021304926762 0.22237017310252993
6 0.12649800266311584 0.24367509986684419 0.24500665778961384 0.19973368841544606
