3 0.14447403462050595 0.31091877496671105 0.2889480692410119 0.36351531291611183
3 0.9107856191744341 0.45539280958721706 0.17842876165113183 0.18641810918774973
3 0.9061251664447403 0.23901464713715048 0.16111850865512636 0.13715046604527295
6 0.741011984021305 0.30026631158455397 0.20905459387483347 0.2303595206391478
6 0.5439414114513981 0.11251664447403462 0.4487350199733689 0.21704394141145142
3 0.811584553928096 0.6304926764314247 0.2756324900133156 0.28894806924101196
3 0.6264980026631158 0.7316910785619174 0.2649800266311585 0.2969374167776299
6 0.08921438082556592 0.6344873501997337 0.17842876165113183 0.1904127829560588
6 0.4027962716378163 0.6551264980026632 0.1398135818908122 0.1358189081225033
3 0.36351531291611183 0.9494007989347537 0.2503328894806924 0.10119840213049272
