6 0.7563249001331559 0.2576564580559254 0.33821571238348874 0.2809587217043941
6 0.4940079893475366 0.17976031957390148 0.22902796271637813 0.2849533954727031
6 0.3009320905459387 0.08788282290279627 0.2050599201065246 0.16245006657789612
6 0.7296937416777629 0.045272969374167776 0.3062583222370174 0.09054593874833555
6 0.10852197070572571 0.3794940079893476 0.20639147802929428 0.32490013315579236
6 0.38681757656458055 0.47203728362183756 0.21970705725699072 0.2490013315579228
6 0.20439414114513985 0.6098535286284954 0.3848202396804261 0.36484687083888157
6 0.16977363515312915 0.8455392809587218 0.3315579227696405 0.1917443408788283
6 0.5958721704394141 0.6424766977363515 0.1478029294274301 0.08921438082556592
6 0.4747003994673768 0.7030625832223701 0.12916111850865505 0.1384820239680426
6 0.45006657789613846 0.8748335552596538 0.16511318242343548 0.14913448735019968
6 0.2689747003994674 0.9560585885486019 0.10918774966711052 0.08521970705725693
6 0.3695073235685753 0.9427430093209055 0.10252996005326231 0.11185086551264987
6 0.7902796271637818 0.822237017310253 0.1238348868175764 0.15845539280958731
6 0.8941411451398136 0.6924101198402132 0.2117177097203728 0.25832223701731016
6 0.6391478029294274 0.8195739014647137 0.17043941411451408 0.1398135818908122
6 0.9420772303595206 0.41544607190412786 0.11584553928095871 0.1944074567243675
6 0.06324900133155792 0.11051930758988014 0.12649800266311584 0.18375499334221035
6 0.23834886817576564 0.31025299600532624 0.15712383488681753 0.24500665778961384
6 0.673768308921438 0.49001331557922767 0.33288948069241014 0.19973368841544606
6 0.7403462050599202 0.6358189081225033 0.1304926764314247 0.15046604527296936
6 0.6471371504660454 0.7336884154460719 0.1304926764314247 0.0772303595206391
6 0.5605858854860186 0.9513981358189082 0.1331557922769641 0.09720372836218374
6 0.96271637816245 0.8874833555259655 0.07456724367509977 0.10785619174434088
6 0.9101198402130493 0.9101198402130493 0.13715046604527287 0.14513981358189085
6 0.7842876165113182 0.9567243675099867 0.08521970705725693 0.08655126498002659
6 0.6824234354194408 0.9474034620505992 0.14780292942743017 0.10519307589880159
6 0.09720372836218376 0.9733688415446072 0.18641810918774968 0.05326231691078562
